SNR = 3.25 ; BER = 0.0676724 ;FER = 1.51515
SNR = 3.75 ; BER = 0.00125606 ;FER = 0.0201778
SNR = 3.75 ; BER = 0.00125606 ;FER = 0.0201778
