SNR = 3.5 ; BER = 0.0301654 ;FER = 1
SNR = 4 ; BER = 0.00609692 ;FER = 0.970874
SNR = 4.2 ; BER = 0.00453806 ;FER = 0.909091
